# Input pattern 1:
0 1 1 1 0 
1 0 0 0 1 
1 0 0 0 1 
1 1 1 1 1 
1 0 0 0 1 
1 0 0 0 1 
1 0 0 0 1 

# Input pattern 2:
1 1 1 1 0 
1 0 0 0 1 
1 0 0 0 1 
1 1 1 1 0 
1 0 0 0 1 
1 0 0 0 1 
1 1 1 1 0 

# Input pattern 3:
0 1 1 1 0 
1 0 0 0 1 
1 0 0 0 0 
1 0 0 0 0 
1 0 0 0 0 
1 0 0 0 1 
0 1 1 1 0 

# Input pattern 4:
1 1 1 1 0 
1 0 0 0 1 
1 0 0 0 1 
1 0 0 0 1 
1 0 0 0 1 
1 0 0 0 1 
1 1 1 1 0 

# Input pattern 5:
1 1 1 1 1 
1 0 0 0 0 
1 0 0 0 0 
1 1 1 1 0 
1 0 0 0 0 
1 0 0 0 0 
1 1 1 1 1 

# Input pattern 6:
1 1 1 1 1 
1 0 0 0 0 
1 0 0 0 0 
1 1 1 1 0 
1 0 0 0 0 
1 0 0 0 0 
1 0 0 0 0 

# Input pattern 7:
0 1 1 1 0 
1 0 0 0 1 
1 0 0 0 0 
1 0 1 1 1 
1 0 0 0 1 
1 0 0 0 1 
0 1 1 1 0 

# Input pattern 8:
1 0 0 0 1 
1 0 0 0 1 
1 0 0 0 1 
1 1 1 1 1 
1 0 0 0 1 
1 0 0 0 1 
1 0 0 0 1 

# Input pattern 9:
0 1 1 1 0 
0 0 1 0 0 
0 0 1 0 0 
0 0 1 0 0 
0 0 1 0 0 
0 0 1 0 0 
0 1 1 1 0 

# Input pattern 10:
1 1 1 1 1 
0 0 0 0 1 
0 0 0 0 1 
0 0 0 0 1 
0 0 0 0 1 
1 0 0 0 1 
0 1 1 1 0 

# Input pattern 11:
1 0 0 0 1 
1 0 0 1 0 
1 0 1 0 0 
1 1 0 0 0 
1 0 1 0 0 
1 0 0 1 0 
1 0 0 0 1 

# Input pattern 12:
1 0 0 0 0 
1 0 0 0 0 
1 0 0 0 0 
1 0 0 0 0 
1 0 0 0 0 
1 0 0 0 0 
1 1 1 1 1 

# Input pattern 13:
1 0 0 0 1 
1 1 0 1 1 
1 0 1 0 1 
1 0 0 0 1 
1 0 0 0 1 
1 0 0 0 1 
1 0 0 0 1 


# Input pattern 14:
1 0 0 0 1 
1 0 0 0 1 
1 1 0 0 1 
1 0 1 0 1 
1 0 0 1 1 
1 0 0 0 1 
1 0 0 0 1 

# Input pattern 15:
0 1 1 1 0 
1 0 0 0 1 
1 0 0 0 1 
1 0 0 0 1 
1 0 0 0 1 
1 0 0 0 1 
0 1 1 1 0 


# Input pattern 16:
1 1 1 1 0 
1 0 0 0 1 
1 0 0 0 1 
1 1 1 1 0 
1 0 0 0 0 
1 0 0 0 0 
1 0 0 0 0 


# Input pattern 17:
0 1 1 1 0 
1 0 0 0 1 
1 0 0 0 1 
1 0 0 0 1 
1 0 1 0 1 
1 0 0 1 1 
0 1 1 1 1 

# Input pattern 18:
1 1 1 1 0 
1 0 0 0 1 
1 0 0 0 1 
1 1 1 1 0 
1 0 1 0 0 
1 0 0 1 0 
1 0 0 0 1 

# Input pattern 19:
0 1 1 1 0 
1 0 0 0 1 
1 0 0 0 0 
0 1 1 1 0 
0 0 0 0 1 
1 0 0 0 1 
0 1 1 1 0 

# Input pattern 20:
1 1 1 1 1 
0 0 1 0 0 
0 0 1 0 0 
0 0 1 0 0 
0 0 1 0 0 
0 0 1 0 0 
0 0 1 0 0 

# Input pattern 21:
1 0 0 0 1 
1 0 0 0 1 
1 0 0 0 1 
1 0 0 0 1 
1 0 0 0 1 
1 0 0 0 1 
0 1 1 1 0 

# Input pattern 22:
1 0 0 0 1 
1 0 0 0 1 
1 0 0 0 1 
1 0 0 0 1 
1 0 0 0 1 
0 1 0 1 0 
0 0 1 0 0 

# Input pattern 23:
1 0 0 0 1 
1 0 0 0 1 
1 0 0 0 1 
1 0 0 0 1 
1 0 1 0 1 
1 0 1 0 1 
0 1 0 1 0 

# Input pattern 24:
1 0 0 0 1 
1 0 0 0 1 
0 1 0 1 0 
0 0 1 0 0 
0 1 0 1 0 
1 0 0 0 1 
1 0 0 0 1 

# Input pattern 25:
1 0 0 0 1 
1 0 0 0 1 
0 1 0 1 0 
0 0 1 0 0 
0 0 1 0 0 
0 0 1 0 0 
0 0 1 0 0 

# Input pattern 26:
1 1 1 1 1 
0 0 0 0 1 
0 0 0 1 0 
0 0 1 0 0 
0 1 0 0 0 
1 0 0 0 0 
1 1 1 1 1 
